1, 26
27, 52
55, 80
81, 106
108, 133
135, 160
161, 186
189, 214
215, 240
243, 268
269, 294
297, 322
323, 348
350, 375
377, 402
403, 428
431, 456
457, 482
484, 496 504, 516
518, 543
544, 569
572, 597
598, 623
625, 650
652, 677
678, 703
706, 731
732, 757
760, 785
786, 811
814, 839
840, 865
867, 892
894, 919
920, 945
948, 973
974, 999
1025, 1050
1051, 1076
1079, 1104
1105, 1130
1132, 1157
1159, 1184
1185, 1210
1213, 1238
1239, 1264
1267, 1292
1293, 1318
1321, 1346
1347, 1372
1374, 1399
1401, 1426
1427, 1452
1455, 1480
1481, 1506
1508, 1520 1528, 1540
1542, 1567
1568, 1593
1596, 1621
1622, 1647
1649, 1674
1676, 1701
1702, 1727
1730, 1755
1756, 1781
1784, 1809
1810, 1835
1838, 1863
1864, 1889
1891, 1916
1918, 1943
1944, 1969
1972, 1997
1998, 2023